， 2.6974899855684286e-05 0.0 0.0 0.9999730251001443
的 0.0008417200365965233 0.0016285452881976213 0.01141811527904849 0.9861116193961573
。 2.808673182788451e-05 0.0 0.0 0.9999719132681721
、 0.0 0.0 0.0 1.0
国 0.34639303482587064 0.02945499773857983 0.5793193125282677 0.04483265490728177
一 0.4048928612352469 0.07064283258851839 0.10902944883694282 0.41543485733929186
在 0.02348696804594316 0.007141805330584597 0.08467088793992049 0.8847003386835518
中 0.5419585863303752 0.06936011209715086 0.10361201930562043 0.2850692822668535
人 0.4566450891073284 0.04834971629505314 0.2821066091265084 0.21289858547111004
了 0.023376623376623377 0.0018668831168831169 0.04521103896103896 0.9295454545454546
１ 0.7887737619319573 0.12425552745369993 0.03973239781349433 0.047238312800848496
和 0.052413909520594194 0.019412559081701555 0.014770425388251181 0.9134031060094531
是 0.014948722405701373 0.0021727794194333393 0.11324526334086564 0.8696332348339997
有 0.26708803611738147 0.03855530474040632 0.2893002257336343 0.4050564334085779
年 0.10591672753834916 0.04629291453615778 0.6210737764791819 0.22671658144631118
大 0.46445716395864106 0.06610044313146234 0.2640324963072378 0.2054098966026588
不 0.38750817527795944 0.09614126880313931 0.028122956180510136 0.4882275997383911
０ 0.021355098389982112 0.5923524150268337 0.3857334525939177 0.0005590339892665474
为 0.0985691573926868 0.016238928003633885 0.35316829434476493 0.5320236202589144
会 0.2096374158497697 0.12212117633164049 0.5651352308964214 0.10310617692216842
“ 0.0 0.0 0.0 1.0
” 0.0 0.0 0.0 1.0
业 0.049499736703528176 0.07740916271721959 0.8713796735123749 0.0017114270668773038
上 0.2989425162689805 0.012337310195227765 0.16716377440347072 0.521556399132321
地 0.38979814511729405 0.03668848881614839 0.24972722313147844 0.3237861429350791
发 0.8009556313993174 0.025938566552901023 0.1466211604095563 0.026484641638225257
出 0.35925600468658464 0.023579379027533685 0.34885764499121263 0.268306971294669
作 0.32461809635722677 0.06169212690951821 0.565951821386604 0.047737955346651
９ 0.09746012994683993 0.850708800945068 0.039427052569403424 0.012404016538688719
要 0.12398557258791704 0.011722272317403066 0.4287646528403968 0.43552750225428316
工 0.68519646664636 0.052848004873591224 0.25967103259214136 0.002284495887907402
民 0.21836266258607498 0.16893649579188982 0.6041315990818669 0.008569242540168324
行 0.22246120755876478 0.038561991089261026 0.7190044553694884 0.01997234598248579
这 0.5077543424317618 0.00031017369727047146 0.0 0.49193548387096775
经 0.7543636940653761 0.11044112980006347 0.10314185972707077 0.032053316407489686
家 0.1468764902241297 0.08726752503576538 0.6337625178826896 0.13209346685741535
新 0.5192797960484385 0.02374123645634162 0.09464627151051626 0.36233269598470363
个 0.07216828478964402 0.013106796116504855 0.4935275080906149 0.42119741100323627
部 0.3301051928535649 0.08298547336784104 0.5558523960594424 0.03105693771915178
日 0.22681620354871107 0.042350184131235355 0.6908269166387679 0.04000669568128557
以 0.35922165820642976 0.023350253807106598 0.22284263959390863 0.394585448392555
来 0.17428175839390792 0.05036344755970924 0.504153686396677 0.2712011076497058
到 0.03978457261987491 0.023974982626824185 0.43276580958999306 0.5034746351633078
２ 0.5683175272216369 0.29592553565156304 0.08781173164734808 0.04794520547945205
市 0.484005060545816 0.01825411169347551 0.431230797035966 0.06651003072474246
生 0.5098039215686274 0.06899055918663761 0.40777051561365285 0.013435003631082063
成 0.5180327868852459 0.03224043715846994 0.3608378870673953 0.08888888888888889
对 0.19196182785832264 0.013947513305193613 0.11213066617728024 0.6819599926592035
进 0.6048807749627422 0.018815201192250372 0.3045827123695976 0.07172131147540983
全 0.7708134882834826 0.040579157934844734 0.13069156029719947 0.05791579348447323
我 0.6417163748316337 0.00673465460842794 0.01212237829517029 0.3394265922647681
们 0.0 0.0003902439024390244 0.8341463414634146 0.16546341463414635
政 0.6443060855593493 0.1727254468768829 0.179152440249046 0.0038160273147218315
多 0.18778964336087045 0.04755188394116462 0.18073745718315534 0.5839210155148096
主 0.6194348444805855 0.2791217727180321 0.09615775564139052 0.005285627159991868
时 0.3282316442605998 0.023784901758014478 0.4093071354705274 0.23867631851085833
他 0.30674978503869305 0.0027944969905417025 0.08512467755803955 0.6053310404127257
产 0.42189876167716706 0.1842276776015642 0.3834455789702368 0.010427981751031936
本 0.5004357298474945 0.048366013071895426 0.3790849673202614 0.07211328976034859
展 0.08532572932660672 0.02325071287563062 0.8863785917964466 0.005044966001316078
长 0.24763788178422325 0.04065040650406504 0.6407382992748847 0.07097341243682707
实 0.657243816254417 0.04196113074204947 0.29394876325088337 0.006846289752650177
学 0.4072047423620611 0.1518467852257182 0.40310077519379844 0.03784769721842225
者 0.0 0.0142299747532706 0.966490704613266 0.019279320633463392
方 0.46153846153846156 0.11331183786273606 0.3919852602487333 0.033164440350069095
建 0.7778034682080925 0.024277456647398842 0.15421965317919076 0.04369942196531792
） 0.0 0.003699421965317919 0.010173410404624278 0.9861271676300578
（ 0.00046242774566473987 0.013410404624277457 0.0 0.9861271676300578
开 0.695975808327518 0.0353570597813445 0.20051174691788787 0.06815538497324959
理 0.17266525523406256 0.14349564808280404 0.677722888732063 0.0061162079510703364
同 0.5581010864430799 0.03589985829003307 0.2588568729333963 0.1471421823334908
动 0.14893105933221235 0.12154696132596685 0.7155897189526783 0.013932260389142446
月 0.03461821753007611 0.03854652590228333 0.8541615516818071 0.07267370488583354
高 0.4129684418145957 0.023668639053254437 0.3099112426035503 0.2534516765285996
关 0.5411942554799698 0.03224993701184178 0.41295036533131774 0.013605442176870748
重 0.6968245967741935 0.022933467741935484 0.2421875 0.03805443548387097
电 0.5054582381315055 0.07514597613607514 0.11043412033511044 0.30896166539730896
力 0.15900431800863601 0.04470408940817882 0.7891795783591568 0.007112014224028448
现 0.44552429667519183 0.0038363171355498722 0.5317135549872123 0.018925831202046037
于 0.030951766830023215 0.016249677585762186 0.6296105236007222 0.3231880319834924
公 0.7713548387096775 0.1950967741935484 0.030193548387096775 0.0033548387096774194
５ 0.29884756416972236 0.4541644840230487 0.14667365112624411 0.1003143006809848
社 0.5819672131147541 0.013749338974087784 0.3979375991538868 0.006345848757271285
区 0.0776828617191671 0.009343299519487454 0.8747997864388681 0.03817405232247731
下 0.40923651895355045 0.045648691938067275 0.20688734650293647 0.3382274426054458
报 0.37038028923406535 0.0289234065345474 0.566148901981789 0.034547402249598284
３ 0.43723175965665234 0.32859442060085836 0.10783261802575107 0.1263412017167382
加 0.5494327390599676 0.05672609400324149 0.35440302539168017 0.03943814154511075
分 0.44508670520231214 0.08890723919625654 0.3729699972474539 0.09303605835397744
济 0.03124136024329555 0.11501244124965442 0.8529167818634227 0.0008294166436273154
自 0.7674353205849269 0.04190101237345332 0.1141732283464567 0.0764904386951631
制 0.37092660810427885 0.03683763105695664 0.5860017001983565 0.006234060640408047
化 0.058419243986254296 0.043528064146620846 0.8937571592210768 0.00429553264604811
文 0.7299565846599132 0.1085383502170767 0.13950795947901592 0.02199710564399421
定 0.09170560747663552 0.04789719626168224 0.8376168224299065 0.0227803738317757
过 0.3164407778432528 0.013553329404832056 0.4275191514437242 0.24248674130819092
合 0.42667453526113897 0.18560047211566835 0.3717910888167601 0.015933903806432576
前 0.24992596979567663 0.010660349422564407 0.5196920343500148 0.21972164643174416
体 0.4559477899733017 0.04420053396618214 0.4971818451498072 0.0026698309107089885
等 0.06932460577209164 0.0389764950907468 0.07259744123772686 0.8191014578994347
就 0.15705705705705705 0.008408408408408409 0.06006006006006006 0.7744744744744745
场 0.04866989117291415 0.09582829504232164 0.7808343409915357 0.07466747279322854
与 0.052137011215519856 0.003940588056986966 0.06941497423461655 0.8745074264928766
天 0.28086138914164394 0.04579921140430695 0.5019714892326357 0.1713679102214134
说 0.07164916615194565 0.005250154416306362 0.1349598517603459 0.7881408276714021
面 0.2513931888544892 0.02786377708978328 0.6941176470588235 0.026625386996904025
后 0.10263565891472869 0.017054263565891473 0.44 0.44031007751937984
： 0.0 0.0 0.0 1.0
机 0.5274725274725275 0.07252747252747253 0.39215070643642075 0.007849293563579277
记 0.7283291457286433 0.030464824120603015 0.22047738693467336 0.0207286432160804
事 0.40616158440741906 0.15781200880226343 0.3640364665199623 0.07198994027035524
法 0.28607356177302734 0.10751336057843446 0.5699465576862622 0.03646651996227601
员 0.015525982256020279 0.17363751584283904 0.8070342205323194 0.0038022813688212928
用 0.12205975842339478 0.040050858232676415 0.5928162746344564 0.24507310870947235
４ 0.35220328079768415 0.40495336120939207 0.13477002251527823 0.10807333547764554
能 0.21715030974894034 0.038474078904466906 0.28366481904140856 0.46071079230518425
得 0.1935905820797907 0.04774362328319163 0.4833224329627207 0.2753433616742969
７ 0.23461665021388614 0.5820993747943403 0.12767357683448502 0.05561039815728858
美 0.7493403693931399 0.022757255936675463 0.09267810026385224 0.13522427440633245
８ 0.25806451612903225 0.5354173594945129 0.152643831060858 0.05387429331559694
资 0.5335994677312043 0.07584830339321358 0.3855622089155023 0.00499001996007984
华 0.24833555259653795 0.4737017310252996 0.24633821571238348 0.03162450066577896
十 0.4417808219178082 0.3065068493150685 0.1654109589041096 0.0863013698630137
也 0.03370013755158184 0.015130674002751032 0.001375515818431912 0.9497936726272352
务 0.03001034839599862 0.2990686443601242 0.6702311141773025 0.0006898930665746809
总 0.8444521258209471 0.03180089872105081 0.014863463532665053 0.10888351192533702
之 0.38719723183391 0.1750865051903114 0.05986159169550173 0.37785467128027683
设 0.3173010380622837 0.025259515570934254 0.6373702422145329 0.020069204152249134
外 0.511088011088011 0.05128205128205128 0.3437283437283437 0.0939015939015939
而 0.17406380027739252 0.08980582524271845 0.1861997226074896 0.5499306518723994
北 0.733194009056078 0.09090909090909091 0.1619644723092999 0.013932427725531174
好 0.1281783350748868 0.024381748519679555 0.4061302681992337 0.44130964820619994
平 0.31112661318451346 0.12347401464945937 0.5371468433903035 0.02825252877572375
６ 0.28265449438202245 0.4996488764044944 0.14360955056179775 0.07408707865168539
利 0.37636299683432994 0.22898346816742876 0.37636299683432994 0.018290538163911362
农 0.9448005698005698 0.01673789173789174 0.02849002849002849 0.009971509971509971
各 0.7290552584670231 0.023885918003565064 0.0 0.24705882352941178
子 0.08487874465049929 0.049215406562054205 0.8612696148359487 0.0046362339514978606
金 0.49143468950749464 0.059957173447537475 0.3897216274089936 0.058886509635974305
小 0.5644927536231884 0.16195652173913044 0.05688405797101449 0.21666666666666667
从 0.23525127458120904 0.008011653313911144 0.021485797523670795 0.735251274581209
将 0.03650967506389193 0.0018254837531945967 0.08835341365461848 0.873311427528295
元 0.09017298490982702 0.033860875966139126 0.3172616856827383 0.5587044534412956
明 0.32656826568265684 0.05571955719557196 0.596309963099631 0.021402214022140223
企 0.9152165864494631 0.06590151795631248 0.017771195853387635 0.0011106997408367272
万 0.07449962935507784 0.04262416604892513 0.72646404744255 0.156412157153447
问 0.6849162011173184 0.04581005586592179 0.21415270018621974 0.055121042830540035
心 0.23804100227790434 0.0774487471526196 0.6370539104024298 0.04745634016704632
提 0.695321414986687 0.01901863826550019 0.04184100418410042 0.24381894256371245
两 0.22171428571428572 0.034666666666666665 0.011428571428571429 0.7321904761904762
当 0.5594965675057209 0.018306636155606407 0.2509534706331045 0.17124332570556827
表 0.5745412844036697 0.0863914373088685 0.3260703363914373 0.012996941896024464
； 0.0 0.0 0.0 1.0
其 0.5237730061349694 0.029141104294478526 0.13113496932515337 0.3159509202453988
种 0.13742802303262955 0.009980806142034549 0.5285988483685221 0.3239923224568138
委 0.2906841901816776 0.156551990722845 0.5519907228449942 0.0007730962504831851
党 0.42507763975155277 0.05434782608695652 0.2123447204968944 0.3082298136645963
品 0.11992110453648915 0.03826429980276134 0.8362919132149902 0.005522682445759369
可 0.5697858842188739 0.0943695479777954 0.06819984139571768 0.267644726407613
里 0.041749502982107355 0.11968190854870775 0.48986083499005967 0.34870775347912525
度 0.01769199839163651 0.029754724567752314 0.9364696421391234 0.016083634901487735
强 0.3614020950846092 0.016921837228041903 0.5221595487510072 0.09951651893634166
军 0.42821985233798193 0.08531583264971287 0.43437243642329776 0.052091878589007386
改 0.8903040262941659 0.008627773212818405 0.05217748562037798 0.04889071487263763
代 0.3229252259654889 0.1721446179129006 0.4486442070665571 0.05628594905505341
着 0.0781571369806664 0.0049362402303578775 0.23035787741670094 0.6865487453722748
起 0.2634186622625929 0.021469859620148638 0.31626754748142033 0.3988439306358382
内 0.4113504556752278 0.11888980944490472 0.25642087821043913 0.21333885666942834
京 0.14315613227291754 0.10632063624947677 0.6467141063206362 0.10380912515696944
科 0.7760569275847635 0.10632063624947677 0.10966931770615321 0.00795311845960653
目 0.5398230088495575 0.03034134007585335 0.42393594605983986 0.0058997050147492625
通 0.6155471060414026 0.05407689057879172 0.30544993662864384 0.024926066751161807
三 0.2906382978723404 0.11319148936170213 0.1646808510638298 0.43148936170212765
系 0.2651321398124467 0.023017902813299233 0.6922421142369991 0.0196078431372549
水 0.6227059325650875 0.06999573196756295 0.21340162185232608 0.09389671361502347
活 0.5436643835616438 0.026541095890410957 0.3968321917808219 0.03296232876712329
入 0.08544439673679691 0.030485186775440102 0.8385573207385144 0.045513095749248604
都 0.01636520241171404 0.021102497846683894 0.14944013781223084 0.8130921619293713
位 0.08635578583765112 0.009067357512953367 0.5483592400690847 0.35621761658031087
第 0.995244271508863 0.0038910505836575876 0.0008646779074794639 0.0
导 0.1224578104716573 0.1436607529208135 0.7321505841627002 0.0017308524448290783
次 0.02244718309859155 0.02420774647887324 0.4788732394366197 0.4744718309859155
题 0.05381561535068372 0.015438906043228937 0.9095721217468019 0.0211733568592854
特 0.6999558108705258 0.11312417145382236 0.17454706142288998 0.012372956252761821
道 0.17015590200445435 0.060133630289532294 0.6988864142538975 0.07082405345211581
所 0.29319606087735006 0.08818263205013428 0.22023276633840644 0.39838854073410923
世 0.8512658227848101 0.06464737793851717 0.07188065099457505 0.012206148282097649
向 0.04310344827586207 0.017695099818511795 0.33212341197822143 0.6070780399274047
领 0.8452435138825671 0.024578971324533454 0.10696404187528448 0.02321347291761493
省 0.28577939835916133 0.005013673655423883 0.5597082953509571 0.14949863263445762
去 0.4305301645338208 0.005027422303473492 0.29387568555758686 0.27056672760511885
已 0.21835883171070933 0.004172461752433936 0.04079740380157627 0.7366713027352805
增 0.902370990237099 0.01813110181311018 0.0497443049744305 0.029753602975360297
还 0.272007452258966 0.004657661853749418 0.020493712156497437 0.7028411737307871
基 0.880485527544351 0.05648926237161531 0.06022408963585434 0.0028011204481792717
— 0.29906542056074764 0.26869158878504673 0.2929906542056075 0.13925233644859814
海 0.4483403459560542 0.06778868630201028 0.44506778868630203 0.03880317905563347
名 0.2554296506137866 0.044381491973559964 0.23654390934844194 0.4636449480642115
术 0.005671077504725898 0.13516068052930058 0.8568052930056711 0.0023629489603024575
最 0.4844045368620038 0.0 0.0004725897920604915 0.5151228733459358
使 0.19146919431279621 0.01943127962085308 0.17393364928909952 0.6151658767772512
管 0.6373991457047935 0.04935927859515899 0.26435690555291885 0.04888467014712862
统 0.3968631178707224 0.028041825095057035 0.5712927756653993 0.0038022813688212928
今 0.8136320305052431 0.016205910390848427 0.15014299332697809 0.02001906577693041
立 0.25071496663489035 0.047664442326024785 0.6796949475691134 0.0219256434699714
南 0.3839541547277937 0.20582617000955108 0.33954154727793695 0.07067812798471824
结 0.7508401344215074 0.02256361017762842 0.20691310609697552 0.019683149303888623
技 0.5024038461538461 0.10673076923076923 0.3894230769230769 0.0014423076923076924
并 0.12313612313612314 0.014911014911014911 0.11688311688311688 0.7450697450697451
些 0.00290838584585555 0.011148812409112942 0.9263208919049928 0.059621909840038775
正 0.6044703595724004 0.033527696793002916 0.1836734693877551 0.1783284742468416
应 0.41759844433641224 0.025279533300923675 0.27369956246961596 0.28342245989304815
交 0.6285714285714286 0.1167487684729064 0.20246305418719213 0.052216748768472904
持 0.16428219042920572 0.03502713369511593 0.7794770596941293 0.021213616181549086
安 0.591604938271605 0.10222222222222223 0.25382716049382714 0.05234567901234568
点 0.038539553752535496 0.08316430020283976 0.7403651115618661 0.13793103448275862
任 0.37334014300306434 0.06945863125638406 0.46884576098059244 0.08835546475995915
性 0.059846547314578 0.005626598465473146 0.9319693094629156 0.0025575447570332483
共 0.48770491803278687 0.2177254098360656 0.10092213114754098 0.19364754098360656
东 0.48357289527720737 0.11036960985626283 0.3593429158110883 0.04671457905544148
西 0.49229188078108943 0.21685508735868447 0.2682425488180884 0.022610483042137718
解 0.6719794344473008 0.02519280205655527 0.289974293059126 0.012853470437017995
由 0.28872876994338653 0.03962943901183737 0.0761708697889861 0.59547092125579
联 0.7254901960784313 0.08771929824561403 0.17440660474716202 0.01238390092879257
教 0.7457187337830825 0.1084587441619097 0.12195121951219512 0.023871302542812663
》 0.0 0.0 0.0 1.0
《 0.0 0.0 0.0 1.0
界 0.024440977639105563 0.07384295371814872 0.8965158606344253 0.005200208008320333
治 0.20707596253902186 0.33246618106139436 0.42351716961498437 0.03694068678459938
保 0.8304642670839854 0.04381846635367762 0.107981220657277 0.01773604590505999
组 0.6715404699738904 0.042819843342036555 0.26527415143603134 0.020365535248041775
司 0.11398416886543536 0.013192612137203167 0.8680738786279684 0.00474934036939314
院 0.09878499735868991 0.017960908610670893 0.8600105652403592 0.02324352879027998
程 0.12845010615711253 0.03768577494692144 0.8014861995753716 0.03237791932059448
意 0.49920255183413076 0.044657097288676235 0.4300903774587985 0.026049973418394472
决 0.472562599893447 0.017581246670218435 0.5071923281832712 0.002663825253063399
队 0.1549973276322822 0.01389631213254944 0.7797969000534474 0.05130946018172101
及 0.17442482611021937 0.05029427501337614 0.4178705189941145 0.35741037988229
门 0.08676789587852494 0.0455531453362256 0.8199566160520607 0.04772234273318872
情 0.4959172563962983 0.03483941208492107 0.4109961894393032 0.058247142079477406
调 0.6094771241830066 0.017429193899782137 0.34477124183006536 0.02832244008714597
期 0.2360959651035987 0.04471101417666303 0.6739367502726281 0.04525627044711014
义 0.08629164391043145 0.0354997269251775 0.8765701802293828 0.0016384489350081922
取 0.45901639344262296 0.009836065573770493 0.5 0.03114754098360656
村 0.22295081967213115 0.020765027322404372 0.651912568306011 0.10437158469945355
间 0.033534909290819134 0.02748763056624519 0.7954920285871357 0.1434854315557999
团 0.2861080485115766 0.08213891951488424 0.6069459757442117 0.024807056229327454
达 0.28989508558807286 0.10160132523467698 0.25124240750966315 0.35726118166758697
张 0.1425414364640884 0.015469613259668509 0.16906077348066298 0.6729281767955801
量 0.013819789939192924 0.009397457158651189 0.9640685461580984 0.01271420674405749
此 0.3012249443207127 0.06291759465478843 0.33853006681514475 0.2973273942093541
如 0.5751816657350475 0.07546115148127445 0.1475684740078256 0.20178870877585242
干 0.696067415730337 0.05449438202247191 0.11853932584269664 0.13089887640449438
局 0.1940382452193476 0.01687289088863892 0.7418447694038245 0.047244094488188976
战 0.5891952729319077 0.12605514912774338 0.265053460889139 0.019696117051209903
广 0.8617747440273038 0.006825938566552901 0.11149032992036405 0.019908987485779295
． 0.0 0.9618015963511972 0.03819840364880274 0.0
据 0.06396344945745289 0.03026841804683038 0.33923472301541974 0.566533409480297
议 0.15551743853630645 0.04173813607775872 0.8010291595197255 0.0017152658662092624
书 0.41206896551724137 0.17413793103448275 0.2896551724137931 0.12413793103448276
革 0.18860164512338426 0.027614571092831962 0.782608695652174 0.0011750881316098707
府 0.004137115839243499 0.018321513002364065 0.9769503546099291 0.000591016548463357
收 0.5793838862559242 0.08530805687203792 0.27606635071090047 0.05924170616113744
把 0.04379124175164967 0.01979604079184163 0.007198560287942412 0.9292141571685663
因 0.5629897528631705 0.004822182037371911 0.21398432790837854 0.21820373719107897
际 0.0012084592145015106 0.07673716012084592 0.9214501510574018 0.0006042296072507553
步 0.14268366727383122 0.02792956891317547 0.7553126897389193 0.07407407407407407
山 0.4339622641509434 0.14485696895922093 0.36640292148508824 0.054777845404747415
路 0.18059792556436852 0.08907870652837095 0.589993898718731 0.1403294691885296
集 0.7584928968499074 0.0253242742433601 0.18097591105620753 0.035206917850525016
计 0.4403953057442866 0.0506485484867202 0.490426189005559 0.01852995676343422
二 0.28244746600741655 0.1526576019777503 0.3164400494437577 0.2484548825710754
然 0.18080495356037152 0.12879256965944272 0.6860681114551084 0.0043343653250774
相 0.669375 0.0575 0.131875 0.14125
放 0.18198874296435272 0.21325828642901815 0.482801751094434 0.12195121951219512
江 0.27130325814536344 0.08395989974937343 0.2681704260651629 0.37656641604010027
志 0.23462986198243413 0.02383939774153074 0.7239648682559598 0.01756587202007528
办 0.41231929604022627 0.01508485229415462 0.35889377749842866 0.21370207416719045
育 0.020227560050568902 0.08533501896333755 0.8849557522123894 0.009481668773704172
先 0.5693476884103863 0.024065864471184292 0.31602279924002535 0.09056364787840405
举 0.6903103229892337 0.013932868904369854 0.27675744141861935 0.018999366687777075
比 0.5225970719287079 0.06492679821769573 0.09866327180140039 0.31381285805219605
信 0.5688775510204082 0.04591836734693878 0.336734693877551 0.04846938775510204
众 0.09183673469387756 0.04145408163265306 0.8590561224489796 0.007653061224489796
价 0.49457562220804085 0.03956604977664327 0.4543714103382259 0.01148691767708998
亚 0.2696989109545163 0.13901345291479822 0.572709801409353 0.018577834721332478
克 0.29954809554551326 0.27049709489993545 0.40606843124596514 0.023886378308586184
物 0.3062015503875969 0.1020671834625323 0.5723514211886305 0.01937984496124031
口 0.07826649417852523 0.08473479948253558 0.7664941785252264 0.0705045278137128
更 0.2448051948051948 0.01883116883116883 0.005194805194805195 0.7311688311688311
老 0.6196358907672301 0.09817945383615084 0.08647594278283485 0.19570871261378414
近 0.32249674902470743 0.01235370611183355 0.29843953185955785 0.36671001300390116
节 0.3606770833333333 0.031901041666666664 0.5924479166666666 0.014973958333333334
项 0.3246244284781189 0.005878510777269758 0.2958850424559112 0.3736120182887002
职 0.7925392670157068 0.07068062827225131 0.12172774869109948 0.015052356020942409
话 0.2262295081967213 0.10885245901639344 0.5580327868852459 0.10688524590163935
风 0.5009836065573771 0.06950819672131148 0.3829508196721311 0.04655737704918033
族 0.0 0.0381328073635766 0.9572649572649573 0.0046022353714661405
指 0.8960526315789473 0.01381578947368421 0.021710526315789475 0.06842105263157895
五 0.20566908371786422 0.3612392880685564 0.2083058668424522 0.2247857613711272
看 0.4729551451187335 0.0032981530343007917 0.14116094986807387 0.38258575197889183
无 0.6193931398416886 0.13324538258575197 0.015171503957783642 0.23218997361477572
认 0.9086092715231788 0.005960264900662252 0.076158940397351 0.009271523178807948
规 0.832339297548045 0.08084824387011266 0.08614976805831677 0.0006626905235255136
拉 0.18181818181818182 0.6350267379679144 0.11697860962566844 0.0661764705882353
但 0.15740120562625587 0.0013395847287340924 0.04554588077695914 0.7957133288680509
困 0.44273275284661756 0.14735432016075017 0.4025452109845948 0.007367716008037508
形 0.8676075268817204 0.020833333333333332 0.09408602150537634 0.01747311827956989
求 0.06123822341857335 0.08882907133243607 0.8048452220726783 0.04508748317631225
论 0.11050847457627119 0.06508474576271187 0.7877966101694915 0.03661016949152542
商 0.6109979633401222 0.08214528173794976 0.29327902240325865 0.013577732518669382
手 0.3476190476190476 0.05238095238095238 0.48299319727891155 0.11700680272108843
斯 0.05870165745856354 0.4965469613259669 0.4399171270718232 0.004834254143646409
％ 0.0 0.0 0.9854671280276817 0.01453287197231834
精 0.9534398888116747 0.018068102849200834 0.006254343293954135 0.022237665045170257
难 0.32453092425295343 0.06393328700486449 0.47324530924252955 0.13829047949965254
深 0.7929577464788733 0.020422535211267606 0.08380281690140845 0.1028169014084507
质 0.3177966101694915 0.07415254237288135 0.5889830508474576 0.019067796610169493
少 0.23671155209071582 0.06449326718639263 0.5294117647058824 0.1693834160170092
运 0.6342329545454546 0.12713068181818182 0.203125 0.03551136363636364
格 0.13930348258706468 0.1435678749111585 0.7085998578535891 0.008528784648187633
车 0.20498220640569395 0.07829181494661921 0.6163701067615658 0.100355871886121
研 0.8485714285714285 0.02 0.13071428571428573 0.0007142857142857143
处 0.4150397686189443 0.03253796095444685 0.42660882140274764 0.12581344902386118
原 0.7210144927536232 0.020289855072463767 0.14420289855072463 0.1144927536231884
想 0.1328011611030479 0.03555878084179971 0.5667634252539913 0.2648766328011611
条 0.425764192139738 0.04439592430858806 0.05822416302765648 0.47161572052401746
台 0.34741442097596503 0.03641660597232338 0.4537509104151493 0.16241806263656228
李 0.025735294117647058 0.0058823529411764705 0.011764705882352941 0.9566176470588236
受 0.3828529194382853 0.008130081300813009 0.4050258684405026 0.2039911308203991
施 0.10666666666666667 0.00962962962962963 0.8555555555555555 0.028148148148148148
件 0.0007429420505200594 0.0029717682020802376 0.7979197622585439 0.19836552748885586
式 0.001488095238095238 0.026041666666666668 0.9650297619047619 0.00744047619047619
图 0.654913728432108 0.02625656414103526 0.14103525881470366 0.17779444861215304
观 0.5229495861550038 0.024078254326561323 0.436418359668924 0.01655379984951091
群 0.840241145440844 0.02260738507912585 0.10173323285606632 0.03541823662396383
春 0.6 0.013584905660377358 0.3260377358490566 0.06037735849056604
级 0.010606060606060607 0.07651515151515151 0.8174242424242424 0.09545454545454546
气 0.353030303030303 0.1 0.5196969696969697 0.02727272727272727
又 0.0 0.001520912547528517 0.0007604562737642585 0.9977186311787072
数 0.38918507235338917 0.0715917745620716 0.4501142421934501 0.0891089108910891
县 0.19022154316271964 0.0030557677616501145 0.5874713521772346 0.2192513368983957
女 0.3320581484315226 0.02142310635042081 0.24636572302983933 0.4001530221882173
央 0.004658385093167702 0.11024844720496894 0.8850931677018633 0.0
别 0.1357254290171607 0.02574102964118565 0.7979719188767551 0.0405616224648986
传 0.6473807662236122 0.07114933541829555 0.254886630179828 0.026583268178264268
剧 0.21970289288506645 0.10789679437060204 0.6520719311962471 0.020328381548084442
造 0.3510971786833856 0.08072100313479624 0.5478056426332288 0.02037617554858934
创 0.8062745098039216 0.02196078431372549 0.07607843137254902 0.09568627450980392
四 0.34936908517350157 0.13643533123028392 0.19794952681388012 0.31624605678233436
协 0.5998421468034728 0.021310181531176007 0.3788476716653512 0.0
首 0.6101829753381066 0.00954653937947494 0.09307875894988067 0.2871917263325378
果 0.0732484076433121 0.020700636942675158 0.8837579617834395 0.022292993630573247
给 0.1312 0.0032 0.1576 0.708
支 0.6899038461538461 0.06650641025641026 0.09695512820512821 0.1466346153846154
没 0.7776886035313002 0.008025682182985553 0.021669341894060994 0.1926163723916533
推 0.9686998394863563 0.002407704654895666 0.0032102728731942215 0.025682182985553772
投 0.9565217391304348 0.011272141706924315 0.004830917874396135 0.027375201288244767
城 0.5471394037066881 0.08299758259468171 0.32634971796937956 0.043513295729250605
乡 0.35132957292506045 0.037066881547139406 0.5020145044319098 0.1095890410958904
至 0.1915925626515764 0.03233629749393695 0.32983023443815684 0.4462409054163298
神 0.16107931316434995 0.22403924775143091 0.5936222403924775 0.02125919869174162
样 0.03931203931203931 0.07862407862407862 0.8722358722358723 0.009828009828009828
常 0.39080459770114945 0.054187192118226604 0.4696223316912972 0.08538587848932677
片 0.0361247947454844 0.031198686371100164 0.8103448275862069 0.12233169129720854
思 0.6359901396877568 0.24239934264585045 0.11010682004930156 0.011503697617091208
回 0.7563786008230453 0.01316872427983539 0.09794238683127572 0.1325102880658436
变 0.4468260511129431 0.01483924154987634 0.38334707337180546 0.1549876339653751
0 0.0 0.990916597853014 0.009083402146985962 0.0
服 0.7900826446280992 0.023140495867768594 0.17851239669421487 0.008264462809917356
示 0.08962655601659751 0.01991701244813278 0.8854771784232365 0.004979253112033195
选 0.6315352697095435 0.03402489626556016 0.2937759336099585 0.04066390041493776
只 0.5191666666666667 0.0016666666666666668 0.0125 0.4666666666666667
贫 0.507949790794979 0.08619246861924686 0.39330543933054396 0.012552301255230125
视 0.09623430962343096 0.22594142259414227 0.6535564853556486 0.024267782426778243
争 0.2236180904522613 0.0711892797319933 0.6474036850921273 0.05778894472361809
几 0.24601175482787574 0.007556675062972292 0.09991603694374475 0.6465155331654072
整 0.5248525695029486 0.02358887952822241 0.43470935130581295 0.016849199663016005
标 0.4274873524451939 0.05986509274873524 0.5059021922428331 0.006745362563237774
优 0.9188503803888419 0.02197802197802198 0.024513947590870666 0.034657650042265425
证 0.4788135593220339 0.0635593220338983 0.45 0.007627118644067797
纪 0.4079728583545377 0.09499575911789652 0.49279050042408823 0.004240882103477523
接 0.5551782682512734 0.021222410865874362 0.367572156196944 0.05602716468590832
极 0.1676595744680851 0.11404255319148936 0.5991489361702128 0.11914893617021277
那 0.5819742489270386 0.020600858369098713 0.00944206008583691 0.38798283261802574
流 0.41824440619621345 0.06970740103270223 0.47332185886402756 0.0387263339070568
专 0.9165232358003442 0.030120481927710843 0.031841652323580036 0.021514629948364887
反 0.6487889273356401 0.025086505190311418 0.09342560553633218 0.23269896193771628
王 0.04895104895104895 0.013111888111888112 0.055944055944055944 0.881993006993007
见 0.08748906386701662 0.0594925634295713 0.6412948381452318 0.21172353455818022
被 0.12773403324584426 0.0026246719160104987 0.04111986001749781 0.8285214348206474
尔 0.007874015748031496 0.6491688538932633 0.3429571303587052 0.0
百 0.3382997370727432 0.31901840490797545 0.22699386503067484 0.11568799298860649
查 0.2042068361086766 0.05346187554776512 0.7028921998247152 0.03943908851884312
续 0.0052677787532923615 0.02897278314310799 0.961369622475856 0.004389815627743635
做 0.48983200707338637 0.0035366931918656055 0.04420866489832007 0.4624226348364279
头 0.09236234458259325 0.12788632326820604 0.650088809946714 0.12966252220248667
周 0.39679715302491103 0.02402135231316726 0.08896797153024912 0.4902135231316726
营 0.22707034728406056 0.1157613535173642 0.6464826357969724 0.01068566340160285
效 0.3621766280107047 0.1320249776984835 0.49866190900981266 0.007136485280999108
单 0.7504472271914132 0.012522361359570662 0.1851520572450805 0.0518783542039356
势 0.15765765765765766 0.018018018018018018 0.8144144144144144 0.00990990990990991
德 0.40342960288808666 0.20126353790613719 0.34025270758122744 0.055054151624548735
历 0.8261665141811528 0.010064043915827997 0.16010978956999086 0.0036596523330283625
构 0.15794306703397612 0.02295684113865932 0.8172635445362718 0.0018365472910927456
很 0.1645220588235294 0.0 0.0 0.8354779411764706
参 0.9484820607175714 0.03311867525298988 0.013799448022079117 0.004599816007359705
究 0.03314917127071823 0.1860036832412523 0.7725598526703499 0.008287292817679558
融 0.11172668513388735 0.06463527239150507 0.8097876269621422 0.013850415512465374
马 0.462037037037037 0.2212962962962963 0.1259259259259259 0.19074074074074074
副 0.07506950880444857 0.03985171455050973 0.0037071362372567192 0.881371640407785
织 0.0064995357474466105 0.0807799442896936 0.9080779944289693 0.004642525533890436
林 0.14325842696629212 0.2443820224719101 0.4204119850187266 0.19194756554307116
积 0.7846441947565543 0.015917602996254682 0.18820224719101122 0.011235955056179775
费 0.09788867562380038 0.17370441458733205 0.6976967370441459 0.030710172744721688
亿 0.021235521235521235 0.0028957528957528956 0.9131274131274131 0.06274131274131274
住 0.4792270531400966 0.017391304347826087 0.2821256038647343 0.221256038647343
灾 0.5207729468599034 0.050241545893719805 0.4144927536231884 0.014492753623188406
艺 0.6705314009661836 0.09371980676328502 0.23478260869565218 0.000966183574879227
布 0.24177949709864605 0.17117988394584138 0.5696324951644101 0.017408123791102514
走 0.37245392822502427 0.026188166828322017 0.06013579049466537 0.5412221144519883
坚 0.8908382066276803 0.029239766081871343 0.07602339181286549 0.003898635477582846
户 0.06072477962781587 0.043095004897159644 0.6474045053868757 0.24877571008814886
史 0.06666666666666667 0.07058823529411765 0.8196078431372549 0.043137254901960784
感 0.703631010794897 0.022571148184494603 0.2365063788027478 0.03729146221786065
影 0.6666666666666666 0.046214355948869225 0.28023598820059 0.00688298918387414
演 0.6393280632411067 0.0533596837944664 0.2618577075098814 0.045454545454545456
益 0.01990049751243781 0.04378109452736319 0.9353233830845771 0.0009950248756218905
席 0.03681592039800995 0.05771144278606965 0.8845771144278607 0.020895522388059702
真 0.509 0.057 0.326 0.108
身 0.40220661985957873 0.0802407221664995 0.45035105315947843 0.06720160481444333
再 0.2680722891566265 0.01104417670682731 0.11847389558232932 0.6024096385542169
每 0.7144308943089431 0.003048780487804878 0.011178861788617886 0.27134146341463417
该 0.39387755102040817 0.0 0.23469387755102042 0.37142857142857144
线 0.11632653061224489 0.05102040816326531 0.7071428571428572 0.12551020408163266
谈 0.2934560327198364 0.10531697341513292 0.40899795501022496 0.19222903885480572
己 0.007172131147540984 0.017418032786885244 0.9631147540983607 0.012295081967213115
光 0.4164102564102564 0.07487179487179488 0.4348717948717949 0.07384615384615385
· 0.0 0.9609856262833676 0.01642710472279261 0.022587268993839837
必 0.8785046728971962 0.021806853582554516 0.07061266874350987 0.029075804776739357
房 0.22094240837696336 0.02931937172774869 0.7099476439790576 0.039790575916230364
乐 0.22327044025157233 0.3270440251572327 0.41509433962264153 0.03459119496855346
望 0.03459119496855346 0.03249475890985325 0.8784067085953878 0.05450733752620545
严 0.8466386554621849 0.008403361344537815 0.09978991596638656 0.045168067226890755
根 0.7489451476793249 0.06962025316455696 0.10021097046413502 0.08122362869198312
助 0.09915611814345991 0.08860759493670886 0.7858649789029536 0.026371308016877638
率 0.12130801687763713 0.013713080168776372 0.8386075949367089 0.026371308016877638
列 0.2608236536430834 0.08130939809926083 0.6092925026399155 0.048574445617740235
才 0.05496828752642706 0.040169133192389 0.35517970401691334 0.5496828752642706
策 0.05708245243128964 0.048625792811839326 0.8900634249471459 0.004228329809725159
快 0.28874734607218683 0.020169851380042462 0.5265392781316348 0.16454352441613587
清 0.5842217484008528 0.03731343283582089 0.3006396588486141 0.07782515991471216
供 0.3880597014925373 0.009594882729211088 0.5511727078891258 0.0511727078891258
非 0.5016008537886874 0.061899679829242264 0.327641408751334 0.10885805763073639
色 0.07494646680942184 0.22269807280513917 0.6895074946466809 0.01284796573875803
或 0.2658092175777063 0.00857449088960343 0.00857449088960343 0.7170418006430869
批 0.44935344827586204 0.020474137931034482 0.13577586206896552 0.39439655172413796
完 0.8920086393088553 0.0032397408207343412 0.0010799136069114472 0.10367170626349892
转 0.7654054054054054 0.024864864864864864 0.1372972972972973 0.07243243243243243
许 0.6240520043336945 0.014084507042253521 0.21018418201516792 0.15167930660888407
罗 0.1820151679306609 0.49837486457204766 0.08234019501625135 0.2372697724810401
带 0.5754614549402823 0.014115092290988056 0.1769815418023887 0.23344191096634093
责 0.41893362350380847 0.16430903155603918 0.4058759521218716 0.01088139281828074
河 0.5 0.0912087912087912 0.37362637362637363 0.035164835164835165
确 0.44114411441144114 0.014301430143014302 0.5126512651265126 0.0319031903190319
州 0.018805309734513276 0.17256637168141592 0.7876106194690266 0.02101769911504425
赛 0.13510520487264674 0.036544850498338874 0.8073089700996677 0.021040974529346623
权 0.2926829268292683 0.038802660753880266 0.6053215077605322 0.06319290465631928
知 0.5633333333333334 0.04 0.3566666666666667 0.04
打 0.6513966480446928 0.03910614525139665 0.05921787709497207 0.25027932960893856
型 0.012304250559284116 0.01901565995525727 0.9463087248322147 0.02237136465324385
伊 0.7536723163841808 0.08587570621468926 0.04632768361581921 0.11412429378531073
具 0.7536723163841808 0.04632768361581921 0.12994350282485875 0.07005649717514124
港 0.1702857142857143 0.02857142857142857 0.7428571428571429 0.05828571428571429
它 0.14988558352402745 0.0011441647597254005 0.09382151029748284 0.7551487414187643
准 0.3605051664753157 0.03329506314580941 0.5614236509758898 0.04477611940298507
银 0.8988505747126436 0.0367816091954023 0.026436781609195402 0.03793103448275862
英 0.6513233601841196 0.02186421173762946 0.19447640966628307 0.1323360184119678
识 0.0034522439585730723 0.1093210586881473 0.8722669735327964 0.014959723820483314
需 0.8410138248847926 0.010368663594470046 0.06221198156682028 0.08640552995391705
八 0.27251732101616627 0.23441108545034642 0.2517321016166282 0.24133949191685913
兴 0.4085648148148148 0.10069444444444445 0.4340277777777778 0.056712962962962965
股 0.7824074074074074 0.009259259259259259 0.1076388888888889 0.10069444444444445
引 0.7485515643105446 0.031286210892236384 0.17381228273464658 0.046349942062572425
象 0.0944055944055944 0.07459207459207459 0.8275058275058275 0.0034965034965034965
何 0.11228070175438597 0.03391812865497076 0.6350877192982456 0.21871345029239767
连 0.5913348946135831 0.05620608899297424 0.15807962529274006 0.19437939110070257
直 0.6037514654161782 0.0668229777256741 0.29425556858147717 0.035169988276670575
防 0.5117924528301887 0.1650943396226415 0.30306603773584906 0.020047169811320754
九 0.22169811320754718 0.44457547169811323 0.19103773584905662 0.14268867924528303
采 0.900355871886121 0.014234875444839857 0.07354685646500593 0.011862396204033215
花 0.3935790725326992 0.13436385255648037 0.3210463733650416 0.15101070154577884
况 0.00834326579261025 0.0059594755661501785 0.9845053635280095 0.0011918951132300357
约 0.20239520958083831 0.0562874251497006 0.4934131736526946 0.24790419161676647
值 0.14543269230769232 0.08052884615384616 0.7235576923076923 0.05048076923076923
1 0.25721153846153844 0.7151442307692307 0.027644230769230768 0.0
送 0.1658653846153846 0.02403846153846154 0.22235576923076922 0.5877403846153846
讯 0.0012033694344163659 0.026474127557160047 0.1407942238267148 0.8315282791817088
命 0.1642512077294686 0.16183574879227053 0.6642512077294686 0.00966183574879227
医 0.8307134220072552 0.06529625151148731 0.09673518742442563 0.007255139056831923
始 0.1777509068923821 0.030229746070133012 0.7678355501813785 0.02418379685610641
案 0.2993939393939394 0.05696969696969697 0.5987878787878788 0.044848484848484846
巴 0.5677655677655677 0.19047619047619047 0.08547008547008547 0.1562881562881563
环 0.7800982800982801 0.044226044226044224 0.13513513513513514 0.04054054054054054
切 0.31435643564356436 0.022277227722772276 0.6311881188118812 0.03217821782178218
易 0.03740648379052369 0.21072319201995013 0.7094763092269327 0.04239401496259352
